28
1: [1, 3], test 16
2: [1, 2, 5], test 15
3: [7, 11, 7], test 2
4: [9, 12, 9], test 1
5: [11, 7, 11], test 2
6: [12, 9, 12], test 1
7: [8, 9, 13, 8], test 14
8: [8, 10, 13, 8], test 10
9: [9, 13, 8, 9], test 7
10: [10, 13, 8, 10], test 13
11: [11, 7, 13, 14], test 12
12: [12, 9, 13, 14], test 1
13: [13, 8, 9, 13], unreachable (path 26 and 28 covers all subpaths)
14: [13, 8, 10, 13], test 9
15: [1, 2, 4, 13, 14], test 11
16: [10, 13, 8, 9, 12], test 10
17: [11, 7, 13, 8, 10], unreachable (path 21 and 25 covers all subpaths)
18: [12, 9, 13, 8, 10], unreachable (9 13 8 10 is also unreachable, path 7, 25 and 18b covers the rest)
18b:[12, 9, 13, 8], test 7
19: [1, 2, 4, 6, 7, 11], test 2
20: [1, 2, 4, 13, 8, 10], test 9
21: [11, 7, 13, 8, 9, 12], test 2
22: [1, 2, 4, 6, 7, 13, 14], test 8
23: [1, 2, 4, 6, 8, 9, 12], test 7
24: [1, 2, 4, 13, 8, 9, 12], test 6
25: [1, 2, 4, 6, 7, 13, 8, 10], test 5
26: [1, 2, 4, 6, 8, 9, 13, 14], test 4
27: [1, 2, 4, 6, 8, 10, 13, 14], test 3
28: [1, 2, 4, 6, 7, 13, 8, 9, 12], test 1

